1644736508.063976526 0.00000 0.00000 0.00000 0.01849 0.01920 -0.00036 0.99964
1644736508.073976517 0.00000 0.00000 0.00000 0.01849 0.01920 -0.00036 0.99964
1644736508.083976507 0.00000 0.00000 0.00000 0.01849 0.01920 -0.00036 0.99964
1644736508.093976736 0.00000 0.00000 0.00000 0.01849 0.01920 -0.00036 0.99964
1644736508.103976488 0.00000 -0.00000 -0.00000 0.01849 0.01920 -0.00036 0.99964
1644736508.113976479 0.00000 -0.00000 -0.00001 0.01849 0.01920 -0.00035 0.99964
1644736508.123976469 0.00000 -0.00001 -0.00002 0.01848 0.01919 -0.00035 0.99964
1644736508.133976698 0.00000 -0.00003 -0.00004 0.01846 0.01919 -0.00034 0.99965
1644736508.143976450 0.00000 -0.00006 -0.00008 0.01842 0.01918 -0.00033 0.99965
1644736508.153976440 0.00000 -0.00010 -0.00014 0.01837 0.01916 -0.00032 0.99965
1644736508.163976669 0.00000 -0.00016 -0.00022 0.01830 0.01914 -0.00029 0.99965
1644736508.173976660 0.00000 -0.00024 -0.00033 0.01820 0.01911 -0.00026 0.99965
1644736508.183976650 0.00000 -0.00035 -0.00047 0.01808 0.01908 -0.00022 0.99965
1644736508.193976402 0.00001 -0.00048 -0.00065 0.01793 0.01903 -0.00018 0.99966
1644736508.203976631 0.00001 -0.00063 -0.00086 0.01774 0.01898 -0.00012 0.99966
1644736508.213976622 0.00001 -0.00081 -0.00110 0.01753 0.01892 -0.00005 0.99967
1644736508.223976612 0.00003 -0.00102 -0.00137 0.01729 0.01885 0.00002 0.99967
1644736508.233976364 0.00005 -0.00124 -0.00165 0.01704 0.01878 0.00009 0.99968
1644736508.243976593 0.00009 -0.00147 -0.00194 0.01678 0.01871 0.00016 0.99968
1644736508.253976583 0.00014 -0.00171 -0.00223 0.01651 0.01863 0.00022 0.99969
1644736508.263976574 0.00021 -0.00195 -0.00251 0.01625 0.01857 0.00028 0.99970
1644736508.273976326 0.00031 -0.00220 -0.00277 0.01599 0.01850 0.00032 0.99970
1644736508.283976555 0.00043 -0.00244 -0.00300 0.01574 0.01845 0.00035 0.99971
1644736508.293976784 0.00058 -0.00267 -0.00321 0.01552 0.01840 0.00036 0.99971
1644736508.303976536 0.00076 -0.00290 -0.00338 0.01532 0.01837 0.00035 0.99971
1644736508.313976526 0.00097 -0.00311 -0.00351 0.01514 0.01834 0.00032 0.99972
1644736508.323976517 0.00119 -0.00330 -0.00361 0.01499 0.01833 0.00027 0.99972
1644736508.333976746 0.00140 -0.00347 -0.00369 0.01486 0.01833 0.00022 0.99972
1644736508.343976498 0.00161 -0.00363 -0.00375 0.01475 0.01834 0.00016 0.99972
1644736508.353976488 0.00180 -0.00376 -0.00379 0.01467 0.01835 0.00010 0.99972
1644736508.363976479 0.00196 -0.00386 -0.00383 0.01461 0.01838 0.00004 0.99972
1644736508.373976707 0.00208 -0.00393 -0.00387 0.01458 0.01842 -0.00002 0.99972
1644736508.383976460 0.00215 -0.00397 -0.00391 0.01456 0.01846 -0.00007 0.99972
1644736508.393976450 0.00216 -0.00397 -0.00397 0.01457 0.01852 -0.00010 0.99972
1644736508.403976440 0.00210 -0.00394 -0.00403 0.01460 0.01858 -0.00012 0.99972
1644736508.413976669 0.00199 -0.00388 -0.00411 0.01465 0.01865 -0.00013 0.99972
1644736508.423976660 0.00183 -0.00380 -0.00422 0.01471 0.01872 -0.00012 0.99972
1644736508.433976412 0.00164 -0.00370 -0.00434 0.01479 0.01880 -0.00010 0.99971
1644736508.443976641 0.00144 -0.00360 -0.00449 0.01489 0.01888 -0.00007 0.99971
1644736508.453976631 0.00124 -0.00351 -0.00466 0.01499 0.01895 -0.00004 0.99971
1644736508.463976622 0.00106 -0.00342 -0.00485 0.01511 0.01903 -0.00001 0.99970
1644736508.473976374 0.00091 -0.00336 -0.00508 0.01523 0.01910 0.00003 0.99970
1644736508.483976603 0.00080 -0.00332 -0.00534 0.01536 0.01916 0.00006 0.99970
1644736508.493976593 0.00076 -0.00332 -0.00563 0.01549 0.01922 0.00010 0.99970
1644736508.503976583 0.00078 -0.00336 -0.00595 0.01562 0.01927 0.00012 0.99969
1644736508.513976336 0.00086 -0.00344 -0.00629 0.01576 0.01931 0.00015 0.99969
1644736508.523976564 0.00097 -0.00354 -0.00664 0.01589 0.01933 0.00016 0.99969
1644736508.533976793 0.00111 -0.00365 -0.00700 0.01602 0.01935 0.00017 0.99968
1644736508.543976545 0.00126 -0.00377 -0.00733 0.01614 0.01936 0.00017 0.99968
1644736508.553976536 0.00140 -0.00389 -0.00764 0.01625 0.01935 0.00016 0.99968
1644736508.563976526 0.00151 -0.00398 -0.00791 0.01636 0.01933 0.00014 0.99968
1644736508.573976755 0.00157 -0.00405 -0.00813 0.01646 0.01930 0.00011 0.99968
1644736508.583976507 0.00157 -0.00408 -0.00829 0.01654 0.01925 0.00006 0.99968
1644736508.593976498 0.00150 -0.00407 -0.00837 0.01661 0.01919 0.00001 0.99968
1644736508.603976488 0.00133 -0.00401 -0.00836 0.01667 0.01912 -0.00006 0.99968
1644736508.613976717 0.00109 -0.00389 -0.00829 0.01671 0.01903 -0.00014 0.99968
1644736508.623976469 0.00078 -0.00373 -0.00816 0.01673 0.01894 -0.00022 0.99968
1644736508.633976460 0.00043 -0.00354 -0.00800 0.01674 0.01885 -0.00030 0.99968
1644736508.643976450 0.00006 -0.00331 -0.00783 0.01674 0.01876 -0.00037 0.99968
1644736508.653976679 -0.00033 -0.00307 -0.00767 0.01673 0.01869 -0.00043 0.99969
1644736508.663976669 -0.00070 -0.00281 -0.00752 0.01670 0.01862 -0.00048 0.99969
1644736508.673976421 -0.00105 -0.00255 -0.00742 0.01667 0.01857 -0.00050 0.99969
1644736508.683976650 -0.00136 -0.00229 -0.00738 0.01662 0.01855 -0.00050 0.99969
1644736508.693976641 -0.00160 -0.00203 -0.00741 0.01657 0.01855 -0.00047 0.99969
1644736508.703976631 -0.00177 -0.00179 -0.00754 0.01650 0.01859 -0.00041 0.99969
1644736508.713976383 -0.00187 -0.00157 -0.00774 0.01643 0.01865 -0.00032 0.99969
1644736508.723976612 -0.00192 -0.00138 -0.00800 0.01636 0.01873 -0.00021 0.99969
1644736508.733976603 -0.00192 -0.00122 -0.00828 0.01630 0.01882 -0.00009 0.99969
1644736508.743976593 -0.00190 -0.00110 -0.00856 0.01624 0.01893 0.00003 0.99969
1644736508.753976345 -0.00185 -0.00104 -0.00882 0.01619 0.01904 0.00014 0.99969
1644736508.763976574 -0.00180 -0.00102 -0.00904 0.01617 0.01914 0.00024 0.99969
1644736508.773976564 -0.00175 -0.00107 -0.00920 0.01616 0.01924 0.00030 0.99968
1644736508.783976555 -0.00171 -0.00119 -0.00927 0.01617 0.01932 0.00034 0.99968
1644736508.793976307 -0.00171 -0.00139 -0.00922 0.01622 0.01939 0.00033 0.99968
1644736508.803976536 -0.00174 -0.00166 -0.00905 0.01630 0.01943 0.00027 0.99968
1644736508.813976765 -0.00181 -0.00199 -0.00876 0.01640 0.01944 0.00017 0.99968
1644736508.823976517 -0.00190 -0.00237 -0.00837 0.01652 0.01944 0.00004 0.99967
1644736508.833976507 -0.00201 -0.00276 -0.00792 0.01666 0.01941 -0.00010 0.99967
1644736508.843976498 -0.00213 -0.00315 -0.00742 0.01679 0.01937 -0.00025 0.99967
1644736508.853976727 -0.00226 -0.00352 -0.00689 0.01693 0.01930 -0.00039 0.99967
1644736508.863976479 -0.00239 -0.00384 -0.00635 0.01705 0.01923 -0.00052 0.99967
1644736508.873976469 -0.00251 -0.00410 -0.00582 0.01716 0.01914 -0.00062 0.99967
1644736508.883976460 -0.00262 -0.00427 -0.00533 0.01724 0.01903 -0.00068 0.99967
1644736508.893976688 -0.00271 -0.00433 -0.00490 0.01728 0.01892 -0.00068 0.99967
1644736508.903976440 -0.00277 -0.00428 -0.00455 0.01729 0.01880 -0.00063 0.99967
1644736508.913976431 -0.00279 -0.00410 -0.00427 0.01728 0.01868 -0.00052 0.99968
1644736508.923976660 -0.00278 -0.00383 -0.00405 0.01724 0.01856 -0.00038 0.99968
1644736508.933976650 -0.00272 -0.00346 -0.00390 0.01720 0.01844 -0.00022 0.99968
1644736508.943976641 -0.00262 -0.00301 -0.00381 0.01716 0.01834 -0.00005 0.99968
1644736508.953976393 -0.00247 -0.00250 -0.00378 0.01714 0.01826 0.00012 0.99969
1644736508.963976622 -0.00225 -0.00194 -0.00379 0.01715 0.01821 0.00027 0.99969
1644736508.973976612 -0.00198 -0.00134 -0.00385 0.01720 0.01818 0.00038 0.99969
1644736508.983976603 -0.00164 -0.00071 -0.00394 0.01730 0.01819 0.00045 0.99968
1644736508.993976355 -0.00122 -0.00007 -0.00407 0.01747 0.01824 0.00045 0.99968
1644736509.003976583 -0.00073 0.00057 -0.00423 0.01770 0.01834 0.00039 0.99968
1644736509.013976574 -0.00019 0.00120 -0.00440 0.01799 0.01847 0.00026 0.99967
1644736509.023976564 0.00038 0.00179 -0.00458 0.01832 0.01862 0.00009 0.99966
1644736509.033976316 0.00096 0.00235 -0.00474 0.01868 0.01879 -0.00012 0.99965
1644736509.043976545 0.00152 0.00284 -0.00487 0.01905 0.01896 -0.00034 0.99964
1644736509.053976774 0.00205 0.00326 -0.00497 0.01941 0.01911 -0.00057 0.99963
1644736509.063976526 0.00251 0.00358 -0.00501 0.01975 0.01925 -0.00078 0.99962
1644736509.073976517 0.00289 0.00380 -0.00498 0.02005 0.01936 -0.00097 0.99961
1644736509.083976507 0.00315 0.00390 -0.00487 0.02029 0.01942 -0.00112 0.99960
1644736509.093976736 0.00329 0.00386 -0.00466 0.02046 0.01943 -0.00122 0.99960
1644736509.103976488 0.00328 0.00367 -0.00435 0.02055 0.01938 -0.00126 0.99960
1644736509.113976479 0.00313 0.00335 -0.00395 0.02056 0.01928 -0.00123 0.99960
1644736509.123976469 0.00288 0.00293 -0.00348 0.02052 0.01914 -0.00116 0.99961
1644736509.133976698 0.00254 0.00243 -0.00297 0.02042 0.01897 -0.00105 0.99961
1644736509.143976450 0.00214 0.00187 -0.00244 0.02029 0.01879 -0.00092 0.99962
1644736509.153976440 0.00171 0.00127 -0.00192 0.02014 0.01860 -0.00077 0.99962
1644736509.163976669 0.00125 0.00066 -0.00141 0.01998 0.01844 -0.00061 0.99963
1644736509.173976660 0.00081 0.00007 -0.00096 0.01983 0.01829 -0.00046 0.99964
1644736509.183976650 0.00039 -0.00049 -0.00057 0.01970 0.01819 -0.00033 0.99964
1644736509.193976402 0.00004 -0.00098 -0.00027 0.01960 0.01814 -0.00022 0.99964
1644736509.203976631 -0.00025 -0.00140 -0.00009 0.01954 0.01816 -0.00014 0.99964
1644736509.213976622 -0.00046 -0.00174 0.00000 0.01952 0.01822 -0.00009 0.99964
1644736509.223976612 -0.00062 -0.00200 0.00001 0.01954 0.01833 -0.00007 0.99964
1644736509.233976364 -0.00072 -0.00221 -0.00006 0.01958 0.01848 -0.00007 0.99964
1644736509.243976593 -0.00077 -0.00235 -0.00018 0.01963 0.01864 -0.00009 0.99963
1644736509.253976583 -0.00078 -0.00244 -0.00035 0.01970 0.01882 -0.00012 0.99963
1644736509.263976574 -0.00077 -0.00248 -0.00054 0.01977 0.01899 -0.00015 0.99962
1644736509.273976326 -0.00073 -0.00249 -0.00075 0.01984 0.01915 -0.00019 0.99962
1644736509.283976555 -0.00068 -0.00246 -0.00096 0.01989 0.01928 -0.00023 0.99962
1644736509.293976784 -0.00063 -0.00240 -0.00116 0.01993 0.01938 -0.00026 0.99961
1644736509.303976536 -0.00058 -0.00232 -0.00133 0.01994 0.01944 -0.00028 0.99961
1644736509.313976526 -0.00053 -0.00223 -0.00147 0.01993 0.01946 -0.00029 0.99961
1644736509.323976517 -0.00050 -0.00214 -0.00160 0.01990 0.01945 -0.00028 0.99961
1644736509.333976746 -0.00048 -0.00205 -0.00170 0.01985 0.01941 -0.00028 0.99961
1644736509.343976498 -0.00048 -0.00199 -0.00178 0.01978 0.01935 -0.00026 0.99962
1644736509.353976488 -0.00050 -0.00195 -0.00185 0.01969 0.01928 -0.00024 0.99962
1644736509.363976479 -0.00055 -0.00194 -0.00191 0.01959 0.01921 -0.00021 0.99962
1644736509.373976707 -0.00063 -0.00199 -0.00196 0.01948 0.01915 -0.00019 0.99963
1644736509.383976460 -0.00074 -0.00209 -0.00200 0.01936 0.01909 -0.00015 0.99963
1644736509.393976450 -0.00090 -0.00225 -0.00204 0.01923 0.01905 -0.00012 0.99963
1644736509.403976440 -0.00109 -0.00249 -0.00207 0.01909 0.01903 -0.00009 0.99964
1644736509.413976669 -0.00131 -0.00279 -0.00211 0.01895 0.01903 -0.00006 0.99964
1644736509.423976660 -0.00156 -0.00314 -0.00217 0.01880 0.01905 -0.00004 0.99964
1644736509.433976412 -0.00183 -0.00354 -0.00224 0.01865 0.01908 -0.00002 0.99964
1644736509.443976641 -0.00210 -0.00395 -0.00234 0.01851 0.01912 0.00000 0.99965
1644736509.453976631 -0.00237 -0.00439 -0.00247 0.01836 0.01916 0.00001 0.99965
1644736509.463976622 -0.00264 -0.00483 -0.00265 0.01821 0.01921 0.00001 0.99965
1644736509.473976374 -0.00289 -0.00525 -0.00287 0.01807 0.01925 0.00001 0.99965
1644736509.483976603 -0.00311 -0.00566 -0.00315 0.01794 0.01928 -0.00001 0.99965
1644736509.493976593 -0.00330 -0.00604 -0.00350 0.01781 0.01930 -0.00003 0.99966
1644736509.503976583 -0.00344 -0.00637 -0.00391 0.01769 0.01930 -0.00007 0.99966
1644736509.513976336 -0.00355 -0.00666 -0.00437 0.01758 0.01930 -0.00012 0.99966
1644736509.523976564 -0.00362 -0.00689 -0.00486 0.01748 0.01927 -0.00017 0.99966
1644736509.533976793 -0.00366 -0.00708 -0.00536 0.01739 0.01924 -0.00022 0.99966
1644736509.543976545 -0.00367 -0.00723 -0.00586 0.01731 0.01920 -0.00027 0.99967
1644736509.553976536 -0.00365 -0.00732 -0.00633 0.01724 0.01915 -0.00032 0.99967
1644736509.563976526 -0.00361 -0.00736 -0.00675 0.01717 0.01910 -0.00035 0.99967
1644736509.573976755 -0.00355 -0.00734 -0.00710 0.01712 0.01904 -0.00037 0.99967
1644736509.583976507 -0.00348 -0.00728 -0.00736 0.01709 0.01897 -0.00038 0.99967
1644736509.593976498 -0.00339 -0.00715 -0.00752 0.01706 0.01891 -0.00036 0.99968
1644736509.603976488 -0.00330 -0.00697 -0.00756 0.01704 0.01884 -0.00033 0.99968
1644736509.613976717 -0.00319 -0.00674 -0.00750 0.01703 0.01878 -0.00027 0.99968
1644736509.623976469 -0.00306 -0.00646 -0.00734 0.01703 0.01872 -0.00020 0.99968
1644736509.633976460 -0.00293 -0.00613 -0.00713 0.01703 0.01867 -0.00013 0.99968
1644736509.643976450 -0.00277 -0.00576 -0.00686 0.01703 0.01862 -0.00005 0.99968
1644736509.653976679 -0.00259 -0.00534 -0.00658 0.01702 0.01859 0.00002 0.99968
1644736509.663976669 -0.00239 -0.00488 -0.00628 0.01700 0.01856 0.00008 0.99968
1644736509.673976421 -0.00216 -0.00439 -0.00601 0.01698 0.01855 0.00013 0.99968
1644736509.683976650 -0.00191 -0.00387 -0.00577 0.01693 0.01855 0.00015 0.99968
1644736509.693976641 -0.00162 -0.00331 -0.00559 0.01687 0.01857 0.00015 0.99969
1644736509.703976631 -0.00131 -0.00273 -0.00547 0.01679 0.01861 0.00011 0.99969
1644736509.713976383 -0.00097 -0.00213 -0.00542 0.01670 0.01866 0.00005 0.99969
1644736509.723976612 -0.00062 -0.00155 -0.00542 0.01659 0.01872 -0.00003 0.99969
1644736509.733976603 -0.00028 -0.00100 -0.00546 0.01648 0.01880 -0.00013 0.99969
1644736509.743976593 0.00006 -0.00050 -0.00551 0.01638 0.01889 -0.00023 0.99969
1644736509.753976345 0.00037 -0.00007 -0.00557 0.01628 0.01898 -0.00034 0.99969
1644736509.763976574 0.00065 0.00028 -0.00562 0.01620 0.01908 -0.00044 0.99969
1644736509.773976564 0.00089 0.00051 -0.00565 0.01613 0.01918 -0.00053 0.99969
1644736509.783976555 0.00107 0.00062 -0.00564 0.01610 0.01928 -0.00061 0.99968
1644736509.793976307 0.00119 0.00059 -0.00559 0.01610 0.01938 -0.00066 0.99968
1644736509.803976536 0.00123 0.00040 -0.00547 0.01613 0.01948 -0.00069 0.99968
1644736509.813976765 0.00121 0.00007 -0.00530 0.01620 0.01956 -0.00069 0.99968
1644736509.823976517 0.00113 -0.00037 -0.00510 0.01629 0.01964 -0.00067 0.99967
1644736509.833976507 0.00101 -0.00089 -0.00486 0.01639 0.01972 -0.00063 0.99967
1644736509.843976498 0.00086 -0.00146 -0.00461 0.01651 0.01977 -0.00058 0.99967
1644736509.853976727 0.00070 -0.00206 -0.00436 0.01662 0.01982 -0.00051 0.99967
1644736509.863976479 0.00052 -0.00265 -0.00411 0.01673 0.01984 -0.00043 0.99966
1644736509.873976469 0.00035 -0.00321 -0.00389 0.01682 0.01985 -0.00035 0.99966
1644736509.883976460 0.00020 -0.00370 -0.00370 0.01689 0.01984 -0.00026 0.99966
1644736509.893976688 0.00008 -0.00411 -0.00356 0.01693 0.01981 -0.00018 0.99966
1644736509.903976440 -0.00001 -0.00441 -0.00347 0.01693 0.01975 -0.00010 0.99966
1644736509.913976431 -0.00007 -0.00460 -0.00343 0.01691 0.01967 -0.00002 0.99966
1644736509.923976660 -0.00010 -0.00470 -0.00342 0.01685 0.01958 0.00005 0.99967
1644736509.933976650 -0.00011 -0.00472 -0.00343 0.01679 0.01948 0.00011 0.99967
1644736509.943976641 -0.00011 -0.00469 -0.00345 0.01671 0.01938 0.00016 0.99967
1644736509.953976393 -0.00011 -0.00460 -0.00347 0.01663 0.01928 0.00020 0.99968
1644736509.963976622 -0.00010 -0.00449 -0.00346 0.01655 0.01918 0.00022 0.99968
1644736509.973976612 -0.00010 -0.00435 -0.00343 0.01649 0.01911 0.00022 0.99968
1644736509.983976603 -0.00012 -0.00421 -0.00335 0.01644 0.01905 0.00021 0.99968
1644736509.993976355 -0.00016 -0.00408 -0.00321 0.01642 0.01901 0.00018 0.99968
1644736510.003976583 -0.00023 -0.00397 -0.00301 0.01644 0.01901 0.00013 0.99968
1644736510.013976574 -0.00031 -0.00387 -0.00276 0.01648 0.01903 0.00006 0.99968
1644736510.023976564 -0.00040 -0.00379 -0.00246 0.01654 0.01907 -0.00003 0.99968
1644736510.033976316 -0.00049 -0.00370 -0.00213 0.01662 0.01912 -0.00012 0.99968
1644736510.043976545 -0.00057 -0.00361 -0.00179 0.01671 0.01918 -0.00021 0.99968
1644736510.053976774 -0.00063 -0.00350 -0.00145 0.01681 0.01925 -0.00030 0.99967
1644736510.063976526 -0.00065 -0.00337 -0.00112 0.01691 0.01932 -0.00039 0.99967
1644736510.073976517 -0.00064 -0.00320 -0.00083 0.01701 0.01938 -0.00046 0.99967
1644736510.083976507 -0.00057 -0.00300 -0.00057 0.01710 0.01943 -0.00051 0.99966
1644736510.093976736 -0.00044 -0.00276 -0.00037 0.01718 0.01947 -0.00055 0.99966
1644736510.103976488 -0.00024 -0.00246 -0.00023 0.01724 0.01948 -0.00056 0.99966
1644736510.113976479 0.00002 -0.00213 -0.00016 0.01728 0.01948 -0.00055 0.99966
1644736510.123976469 0.00032 -0.00177 -0.00014 0.01731 0.01947 -0.00052 0.99966
1644736510.133976698 0.00065 -0.00140 -0.00018 0.01734 0.01944 -0.00049 0.99966
1644736510.143976450 0.00100 -0.00103 -0.00026 0.01737 0.01941 -0.00044 0.99966
1644736510.153976440 0.00136 -0.00068 -0.00039 0.01740 0.01938 -0.00040 0.99966
1644736510.163976669 0.00170 -0.00037 -0.00055 0.01743 0.01934 -0.00035 0.99966
1644736510.173976660 0.00202 -0.00011 -0.00074 0.01748 0.01932 -0.00032 0.99966
1644736510.183976650 0.00230 0.00010 -0.00096 0.01755 0.01930 -0.00030 0.99966
1644736510.193976402 0.00253 0.00022 -0.00120 0.01764 0.01929 -0.00029 0.99966
1644736510.203976631 0.00269 0.00026 -0.00145 0.01775 0.01930 -0.00031 0.99966
1644736510.213976622 0.00280 0.00022 -0.00170 0.01787 0.01932 -0.00034 0.99965
1644736510.223976612 0.00284 0.00012 -0.00194 0.01802 0.01935 -0.00038 0.99965
1644736510.233976364 0.00283 -0.00002 -0.00216 0.01816 0.01939 -0.00043 0.99965
1644736510.243976593 0.00275 -0.00019 -0.00234 0.01831 0.01942 -0.00048 0.99964
1644736510.253976583 0.00263 -0.00038 -0.00248 0.01846 0.01945 -0.00052 0.99964
1644736510.263976574 0.00245 -0.00057 -0.00256 0.01859 0.01947 -0.00054 0.99964
1644736510.273976326 0.00223 -0.00074 -0.00257 0.01870 0.01948 -0.00056 0.99964
1644736510.283976555 0.00196 -0.00088 -0.00249 0.01879 0.01948 -0.00054 0.99963
1644736510.293976784 0.00164 -0.00097 -0.00233 0.01885 0.01945 -0.00050 0.99963
1644736510.303976536 0.00128 -0.00100 -0.00206 0.01888 0.01940 -0.00043 0.99963
1644736510.313976526 0.00089 -0.00098 -0.00170 0.01888 0.01933 -0.00033 0.99963
1644736510.323976517 0.00046 -0.00092 -0.00128 0.01885 0.01925 -0.00021 0.99964
1644736510.333976746 0.00001 -0.00084 -0.00082 0.01881 0.01916 -0.00007 0.99964
1644736510.343976498 -0.00046 -0.00073 -0.00033 0.01876 0.01907 0.00007 0.99964
1644736510.353976488 -0.00095 -0.00061 0.00017 0.01872 0.01898 0.00021 0.99964
1644736510.363976479 -0.00145 -0.00049 0.00064 0.01868 0.01891 0.00034 0.99965
1644736510.373976707 -0.00195 -0.00039 0.00108 0.01865 0.01886 0.00046 0.99965
1644736510.383976460 -0.00245 -0.00032 0.00147 0.01865 0.01882 0.00055 0.99965
1644736510.393976450 -0.00294 -0.00028 0.00177 0.01868 0.01882 0.00062 0.99965
1644736510.403976440 -0.00342 -0.00028 0.00198 0.01874 0.01886 0.00065 0.99965
1644736510.413976669 -0.00387 -0.00032 0.00211 0.01883 0.01892 0.00065 0.99964
1644736510.423976660 -0.00430 -0.00040 0.00215 0.01894 0.01900 0.00062 0.99964
1644736510.433976412 -0.00470 -0.00050 0.00213 0.01908 0.01910 0.00058 0.99964
1644736510.443976641 -0.00504 -0.00063 0.00206 0.01922 0.01922 0.00053 0.99963
1644736510.453976631 -0.00534 -0.00077 0.00195 0.01937 0.01933 0.00047 0.99963
1644736510.463976622 -0.00558 -0.00092 0.00180 0.01953 0.01945 0.00040 0.99962
1644736510.473976374 -0.00575 -0.00108 0.00163 0.01967 0.01956 0.00035 0.99962
1644736510.483976603 -0.00584 -0.00123 0.00145 0.01980 0.01965 0.00031 0.99961
1644736510.493976593 -0.00585 -0.00137 0.00128 0.01992 0.01972 0.00028 0.99961
1644736510.503976583 -0.00577 -0.00150 0.00111 0.02001 0.01977 0.00028 0.99960
1644736510.513976336 -0.00562 -0.00162 0.00096 0.02007 0.01979 0.00030 0.99960
1644736510.523976564 -0.00540 -0.00172 0.00083 0.02012 0.01979 0.00033 0.99960
1644736510.533976793 -0.00514 -0.00180 0.00071 0.02016 0.01977 0.00038 0.99960
1644736510.543976545 -0.00485 -0.00186 0.00060 0.02018 0.01973 0.00044 0.99960
1644736510.553976536 -0.00455 -0.00191 0.00052 0.02019 0.01967 0.00051 0.99960
1644736510.563976526 -0.00425 -0.00194 0.00046 0.02020 0.01961 0.00057 0.99960
1644736510.573976755 -0.00396 -0.00195 0.00042 0.02021 0.01952 0.00064 0.99960
1644736510.583976507 -0.00371 -0.00193 0.00040 0.02022 0.01943 0.00070 0.99961
1644736510.593976498 -0.00350 -0.00190 0.00041 0.02023 0.01933 0.00075 0.99961
1644736510.603976488 -0.00336 -0.00184 0.00044 0.02024 0.01923 0.00078 0.99961
1644736510.613976717 -0.00326 -0.00177 0.00049 0.02027 0.01912 0.00081 0.99961
1644736510.623976469 -0.00321 -0.00170 0.00055 0.02030 0.01902 0.00082 0.99961
1644736510.633976460 -0.00320 -0.00162 0.00061 0.02035 0.01892 0.00082 0.99961
1644736510.643976450 -0.00321 -0.00156 0.00066 0.02040 0.01883 0.00081 0.99961
1644736510.653976679 -0.00324 -0.00151 0.00069 0.02047 0.01875 0.00078 0.99961
1644736510.663976669 -0.00328 -0.00149 0.00070 0.02055 0.01869 0.00075 0.99961
1644736510.673976421 -0.00332 -0.00151 0.00068 0.02065 0.01866 0.00070 0.99961
1644736510.683976650 -0.00334 -0.00157 0.00062 0.02076 0.01864 0.00063 0.99961
1644736510.693976641 -0.00335 -0.00168 0.00051 0.02088 0.01866 0.00056 0.99961
1644736510.703976631 -0.00333 -0.00184 0.00034 0.02102 0.01870 0.00048 0.99960
1644736510.713976383 -0.00328 -0.00206 0.00013 0.02117 0.01877 0.00038 0.99960
1644736510.723976612 -0.00322 -0.00231 -0.00013 0.02132 0.01886 0.00029 0.99959
1644736510.733976603 -0.00314 -0.00258 -0.00041 0.02146 0.01896 0.00020 0.99959
1644736510.743976593 -0.00305 -0.00287 -0.00071 0.02158 0.01906 0.00012 0.99959
1644736510.753976345 -0.00296 -0.00316 -0.00103 0.02169 0.01915 0.00005 0.99958
1644736510.763976574 -0.00287 -0.00344 -0.00134 0.02175 0.01924 0.00001 0.99958
1644736510.773976564 -0.00278 -0.00371 -0.00165 0.02178 0.01930 -0.00002 0.99958
1644736510.783976555 -0.00270 -0.00394 -0.00194 0.02176 0.01934 -0.00001 0.99958
1644736510.793976307 -0.00264 -0.00412 -0.00221 0.02168 0.01934 0.00003 0.99958
1644736510.803976536 -0.00259 -0.00426 -0.00244 0.02154 0.01931 0.00011 0.99958
1644736510.813976765 -0.00255 -0.00436 -0.00265 0.02134 0.01924 0.00023 0.99959
1644736510.823976517 -0.00252 -0.00443 -0.00283 0.02110 0.01914 0.00036 0.99959
1644736510.833976507 -0.00249 -0.00448 -0.00301 0.02081 0.01903 0.00051 0.99960
1644736510.843976498 -0.00244 -0.00453 -0.00317 0.02049 0.01890 0.00067 0.99961
1644736510.853976727 -0.00238 -0.00459 -0.00334 0.02014 0.01876 0.00082 0.99962
1644736510.863976479 -0.00228 -0.00467 -0.00351 0.01977 0.01863 0.00096 0.99963
1644736510.873976469 -0.00216 -0.00479 -0.00371 0.01939 0.01851 0.00108 0.99964
1644736510.883976460 -0.00199 -0.00495 -0.00392 0.01901 0.01840 0.00118 0.99965
1644736510.893976688 -0.00177 -0.00517 -0.00417 0.01864 0.01831 0.00123 0.99966
1644736510.903976440 -0.00150 -0.00546 -0.00445 0.01828 0.01826 0.00125 0.99967
1644736510.913976431 -0.00118 -0.00580 -0.00476 0.01794 0.01823 0.00122 0.99967
1644736510.923976660 -0.00082 -0.00619 -0.00510 0.01762 0.01822 0.00116 0.99968
1644736510.933976650 -0.00044 -0.00660 -0.00546 0.01733 0.01822 0.00107 0.99968
1644736510.943976641 -0.00005 -0.00702 -0.00583 0.01707 0.01824 0.00097 0.99969
1644736510.953976393 0.00035 -0.00743 -0.00620 0.01685 0.01828 0.00084 0.99969
1644736510.963976622 0.00074 -0.00781 -0.00658 0.01667 0.01831 0.00071 0.99969
1644736510.973976612 0.00111 -0.00816 -0.00694 0.01654 0.01835 0.00058 0.99969
1644736510.983976603 0.00145 -0.00845 -0.00729 0.01646 0.01838 0.00045 0.99970
1644736510.993976355 0.00176 -0.00867 -0.00762 0.01644 0.01840 0.00033 0.99970
1644736511.003976583 0.00201 -0.00880 -0.00793 0.01648 0.01842 0.00023 0.99969
1644736511.013976574 0.00222 -0.00885 -0.00821 0.01657 0.01842 0.00014 0.99969
1644736511.023976564 0.00238 -0.00884 -0.00846 0.01669 0.01841 0.00006 0.99969
1644736511.033976316 0.00250 -0.00877 -0.00869 0.01683 0.01839 0.00000 0.99969
1644736511.043976545 0.00258 -0.00864 -0.00889 0.01698 0.01837 -0.00005 0.99969
1644736511.053976774 0.00262 -0.00848 -0.00907 0.01711 0.01833 -0.00009 0.99969
1644736511.063976526 0.00263 -0.00828 -0.00923 0.01722 0.01828 -0.00011 0.99968
1644736511.073976517 0.00260 -0.00806 -0.00937 0.01730 0.01823 -0.00013 0.99968
1644736511.083976507 0.00254 -0.00782 -0.00948 0.01732 0.01817 -0.00014 0.99968
1644736511.093976736 0.00245 -0.00759 -0.00958 0.01727 0.01810 -0.00015 0.99969
1644736511.103976488 0.00234 -0.00736 -0.00965 0.01715 0.01803 -0.00014 0.99969
1644736511.113976479 0.00222 -0.00712 -0.00972 0.01696 0.01796 -0.00014 0.99969
1644736511.123976469 0.00210 -0.00689 -0.00978 0.01672 0.01788 -0.00014 0.99970
1644736511.133976698 0.00199 -0.00664 -0.00984 0.01644 0.01782 -0.00014 0.99971
1644736511.143976450 0.00191 -0.00639 -0.00992 0.01615 0.01777 -0.00014 0.99971
1644736511.153976440 0.00186 -0.00611 -0.01002 0.01586 0.01774 -0.00016 0.99972
1644736511.163976669 0.00187 -0.00581 -0.01014 0.01557 0.01773 -0.00020 0.99972
1644736511.173976660 0.00194 -0.00549 -0.01031 0.01532 0.01775 -0.00025 0.99973
1644736511.183976650 0.00209 -0.00513 -0.01051 0.01511 0.01780 -0.00032 0.99973
1644736511.193976402 0.00233 -0.00473 -0.01077 0.01497 0.01789 -0.00042 0.99973
1644736511.203976631 0.00267 -0.00429 -0.01109 0.01489 0.01802 -0.00055 0.99973
1644736511.213976622 0.00308 -0.00383 -0.01144 0.01488 0.01817 -0.00069 0.99972
1644736511.223976612 0.00356 -0.00335 -0.01182 0.01493 0.01835 -0.00085 0.99972
1644736511.233976364 0.00407 -0.00286 -0.01221 0.01501 0.01854 -0.00101 0.99971
1644736511.243976593 0.00459 -0.00239 -0.01258 0.01511 0.01873 -0.00117 0.99971
1644736511.253976583 0.00509 -0.00194 -0.01292 0.01523 0.01891 -0.00131 0.99970
1644736511.263976574 0.00556 -0.00152 -0.01322 0.01536 0.01907 -0.00143 0.99970
1644736511.273976326 0.00598 -0.00116 -0.01345 0.01547 0.01919 -0.00153 0.99970
1644736511.283976555 0.00631 -0.00086 -0.01359 0.01555 0.01927 -0.00158 0.99969
1644736511.293976784 0.00653 -0.00064 -0.01363 0.01560 0.01930 -0.00159 0.99969
1644736511.303976536 0.00664 -0.00051 -0.01356 0.01561 0.01926 -0.00156 0.99969
1644736511.313976526 0.00663 -0.00045 -0.01338 0.01557 0.01918 -0.00147 0.99969
1644736511.323976517 0.00651 -0.00047 -0.01312 0.01550 0.01906 -0.00136 0.99970
1644736511.333976746 0.00631 -0.00056 -0.01278 0.01542 0.01891 -0.00123 0.99970
1644736511.343976498 0.00602 -0.00071 -0.01239 0.01532 0.01875 -0.00108 0.99971
1644736511.353976488 0.00566 -0.00091 -0.01196 0.01523 0.01859 -0.00094 0.99971
1644736511.363976479 0.00525 -0.00116 -0.01151 0.01514 0.01844 -0.00081 0.99971
1644736511.373976707 0.00480 -0.00144 -0.01105 0.01507 0.01832 -0.00070 0.99972
1644736511.383976460 0.00431 -0.00175 -0.01060 0.01503 0.01825 -0.00063 0.99972
1644736511.393976450 0.00381 -0.00209 -0.01018 0.01503 0.01822 -0.00060 0.99972
1644736511.403976440 0.00329 -0.00243 -0.00980 0.01507 0.01825 -0.00063 0.99972
1644736511.413976669 0.00279 -0.00279 -0.00946 0.01516 0.01834 -0.00070 0.99972
1644736511.423976660 0.00229 -0.00315 -0.00916 0.01527 0.01847 -0.00080 0.99971
1644736511.433976412 0.00183 -0.00350 -0.00890 0.01541 0.01862 -0.00093 0.99971
1644736511.443976641 0.00141 -0.00385 -0.00866 0.01557 0.01879 -0.00106 0.99970
1644736511.453976631 0.00104 -0.00417 -0.00846 0.01573 0.01896 -0.00119 0.99970
1644736511.463976622 0.00074 -0.00448 -0.00829 0.01589 0.01913 -0.00131 0.99969
1644736511.473976374 0.00051 -0.00475 -0.00814 0.01604 0.01927 -0.00140 0.99968
1644736511.483976603 0.00038 -0.00499 -0.00801 0.01617 0.01937 -0.00146 0.99968
1644736511.493976593 0.00035 -0.00518 -0.00790 0.01627 0.01943 -0.00147 0.99968
1644736511.503976583 0.00042 -0.00533 -0.00781 0.01635 0.01942 -0.00142 0.99968
1644736511.513976336 0.00059 -0.00544 -0.00774 0.01639 0.01937 -0.00132 0.99968
1644736511.523976564 0.00084 -0.00550 -0.00767 0.01642 0.01928 -0.00118 0.99968
1644736511.533976793 0.00113 -0.00552 -0.00762 0.01643 0.01916 -0.00101 0.99968
1644736511.543976545 0.00146 -0.00551 -0.00758 0.01643 0.01902 -0.00082 0.99968
1644736511.553976536 0.00179 -0.00546 -0.00754 0.01642 0.01888 -0.00063 0.99969
1644736511.563976526 0.00211 -0.00538 -0.00750 0.01643 0.01873 -0.00044 0.99969
1644736511.573976755 0.00240 -0.00527 -0.00747 0.01644 0.01861 -0.00026 0.99969
1644736511.583976507 0.00264 -0.00514 -0.00743 0.01647 0.01850 -0.00010 0.99969
1644736511.593976498 0.00280 -0.00498 -0.00739 0.01652 0.01843 0.00002 0.99969
1644736511.603976488 0.00286 -0.00481 -0.00734 0.01660 0.01840 0.00011 0.99969
1644736511.613976717 0.00285 -0.00461 -0.00728 0.01670 0.01841 0.00015 0.99969
1644736511.623976469 0.00276 -0.00441 -0.00721 0.01682 0.01846 0.00017 0.99969
1644736511.633976460 0.00260 -0.00419 -0.00710 0.01695 0.01853 0.00016 0.99968
1644736511.643976450 0.00238 -0.00396 -0.00697 0.01709 0.01862 0.00013 0.99968
1644736511.653976679 0.00213 -0.00373 -0.00679 0.01722 0.01872 0.00010 0.99968
1644736511.663976669 0.00183 -0.00349 -0.00657 0.01735 0.01882 0.00006 0.99967
1644736511.673976421 0.00152 -0.00325 -0.00630 0.01746 0.01893 0.00003 0.99967
1644736511.683976650 0.00118 -0.00301 -0.00596 0.01755 0.01902 0.00001 0.99967
1644736511.693976641 0.00085 -0.00277 -0.00557 0.01761 0.01911 0.00001 0.99966
1644736511.703976631 0.00052 -0.00254 -0.00510 0.01764 0.01917 0.00004 0.99966
1644736511.713976383 0.00019 -0.00231 -0.00458 0.01765 0.01921 0.00008 0.99966
1644736511.723976612 -0.00013 -0.00211 -0.00402 0.01763 0.01924 0.00014 0.99966
1644736511.733976603 -0.00045 -0.00191 -0.00343 0.01760 0.01925 0.00022 0.99966
1644736511.743976593 -0.00076 -0.00175 -0.00284 0.01757 0.01925 0.00030 0.99966
1644736511.753976345 -0.00107 -0.00160 -0.00226 0.01753 0.01924 0.00039 0.99966
1644736511.763976574 -0.00139 -0.00149 -0.00170 0.01750 0.01923 0.00048 0.99966
1644736511.773976564 -0.00170 -0.00141 -0.00119 0.01748 0.01921 0.00057 0.99966
1644736511.783976555 -0.00201 -0.00137 -0.00074 0.01748 0.01918 0.00064 0.99966
1644736511.793976307 -0.00233 -0.00137 -0.00036 0.01750 0.01916 0.00071 0.99966
1644736511.803976536 -0.00265 -0.00141 -0.00007 0.01755 0.01913 0.00076 0.99966
1644736511.813976765 -0.00296 -0.00150 0.00014 0.01763 0.01911 0.00080 0.99966
1644736511.823976517 -0.00327 -0.00161 0.00029 0.01774 0.01910 0.00082 0.99966
1644736511.833976507 -0.00356 -0.00175 0.00038 0.01787 0.01909 0.00083 0.99966
1644736511.843976498 -0.00384 -0.00191 0.00043 0.01802 0.01908 0.00082 0.99966
1644736511.853976727 -0.00409 -0.00208 0.00046 0.01820 0.01909 0.00080 0.99965
1644736511.863976479 -0.00431 -0.00226 0.00047 0.01839 0.01910 0.00077 0.99965
1644736511.873976469 -0.00449 -0.00243 0.00048 0.01860 0.01912 0.00072 0.99964
1644736511.883976460 -0.00463 -0.00259 0.00050 0.01882 0.01915 0.00067 0.99964
1644736511.893976688 -0.00473 -0.00273 0.00055 0.01906 0.01919 0.00060 0.99963
1644736511.903976440 -0.00478 -0.00285 0.00063 0.01931 0.01925 0.00052 0.99963
1644736511.913976431 -0.00478 -0.00296 0.00074 0.01956 0.01931 0.00043 0.99962
1644736511.923976660 -0.00475 -0.00305 0.00087 0.01981 0.01937 0.00034 0.99962
1644736511.933976650 -0.00468 -0.00315 0.00102 0.02004 0.01943 0.00025 0.99961
1644736511.943976641 -0.00460 -0.00324 0.00117 0.02026 0.01949 0.00016 0.99960
1644736511.953976393 -0.00451 -0.00335 0.00133 0.02046 0.01953 0.00009 0.99960
1644736511.963976622 -0.00442 -0.00348 0.00148 0.02062 0.01956 0.00003 0.99960
1644736511.973976612 -0.00433 -0.00364 0.00161 0.02075 0.01957 -0.00001 0.99959
1644736511.983976603 -0.00426 -0.00383 0.00172 0.02082 0.01955 -0.00003 0.99959
1644736511.993976355 -0.00421 -0.00406 0.00180 0.02085 0.01950 -0.00002 0.99959
1644736512.003976583 -0.00419 -0.00433 0.00184 0.02082 0.01941 0.00002 0.99959
1644736512.013976574 -0.00419 -0.00464 0.00185 0.02074 0.01930 0.00008 0.99960
1644736512.023976564 -0.00422 -0.00497 0.00183 0.02063 0.01917 0.00016 0.99960
1644736512.033976316 -0.00427 -0.00531 0.00178 0.02049 0.01903 0.00025 0.99961
1644736512.043976545 -0.00434 -0.00564 0.00171 0.02033 0.01889 0.00034 0.99961
1644736512.053976774 -0.00442 -0.00596 0.00163 0.02017 0.01875 0.00043 0.99962
1644736512.063976526 -0.00451 -0.00625 0.00153 0.02002 0.01863 0.00050 0.99963
1644736512.073976517 -0.00461 -0.00650 0.00142 0.01988 0.01854 0.00056 0.99963
1644736512.083976507 -0.00471 -0.00669 0.00130 0.01978 0.01848 0.00059 0.99963
1644736512.093976736 -0.00481 -0.00681 0.00119 0.01972 0.01846 0.00059 0.99963
1644736512.103976488 -0.00491 -0.00685 0.00107 0.01970 0.01849 0.00055 0.99963
1644736512.113976479 -0.00501 -0.00683 0.00096 0.01973 0.01856 0.00047 0.99963
1644736512.123976469 -0.00511 -0.00675 0.00083 0.01980 0.01866 0.00038 0.99963
1644736512.133976698 -0.00520 -0.00664 0.00070 0.01988 0.01878 0.00026 0.99963
1644736512.143976450 -0.00530 -0.00650 0.00056 0.01997 0.01891 0.00015 0.99962
1644736512.153976440 -0.00540 -0.00635 0.00040 0.02007 0.01905 0.00003 0.99962
1644736512.163976669 -0.00550 -0.00620 0.00022 0.02016 0.01918 -0.00007 0.99961
1644736512.173976660 -0.00561 -0.00608 0.00002 0.02022 0.01929 -0.00015 0.99961
1644736512.183976650 -0.00572 -0.00598 -0.00021 0.02026 0.01938 -0.00021 0.99961
1644736512.193976402 -0.00583 -0.00593 -0.00047 0.02026 0.01943 -0.00023 0.99961
1644736512.203976631 -0.00596 -0.00594 -0.00076 0.02021 0.01944 -0.00020 0.99961
1644736512.213976622 -0.00609 -0.00599 -0.00108 0.02012 0.01941 -0.00014 0.99961
1644736512.223976612 -0.00623 -0.00609 -0.00141 0.01998 0.01935 -0.00005 0.99961
1644736512.233976364 -0.00638 -0.00622 -0.00173 0.01981 0.01927 0.00005 0.99962
1644736512.243976593 -0.00654 -0.00636 -0.00205 0.01961 0.01917 0.00017 0.99962
1644736512.253976583 -0.00671 -0.00651 -0.00234 0.01939 0.01906 0.00029 0.99963
1644736512.263976574 -0.00690 -0.00665 -0.00260 0.01915 0.01895 0.00041 0.99964
1644736512.273976326 -0.00709 -0.00678 -0.00282 0.01889 0.01884 0.00050 0.99964
1644736512.283976555 -0.00731 -0.00689 -0.00297 0.01862 0.01874 0.00058 0.99965
1644736512.293976784 -0.00754 -0.00696 -0.00306 0.01835 0.01867 0.00062 0.99966
1644736512.303976536 -0.00778 -0.00698 -0.00307 0.01807 0.01862 0.00062 0.99966
1644736512.313976526 -0.00803 -0.00697 -0.00301 0.01780 0.01860 0.00058 0.99967
1644736512.323976517 -0.00827 -0.00692 -0.00290 0.01754 0.01859 0.00052 0.99967
1644736512.333976746 -0.00850 -0.00684 -0.00275 0.01728 0.01860 0.00044 0.99968
1644736512.343976498 -0.00869 -0.00674 -0.00258 0.01704 0.01863 0.00034 0.99968
1644736512.353976488 -0.00884 -0.00663 -0.00240 0.01680 0.01867 0.00024 0.99968
1644736512.363976479 -0.00893 -0.00650 -0.00222 0.01658 0.01871 0.00014 0.99969
1644736512.373976707 -0.00895 -0.00637 -0.00206 0.01638 0.01876 0.00005 0.99969
1644736512.383976460 -0.00890 -0.00625 -0.00193 0.01620 0.01881 -0.00003 0.99969
1644736512.393976450 -0.00875 -0.00613 -0.00185 0.01604 0.01886 -0.00008 0.99969
1644736512.403976440 -0.00850 -0.00603 -0.00182 0.01591 0.01890 -0.00011 0.99969
1644736512.413976669 -0.00817 -0.00595 -0.00185 0.01580 0.01894 -0.00011 0.99970
1644736512.423976660 -0.00778 -0.00589 -0.00192 0.01571 0.01897 -0.00009 0.99970
1644736512.433976412 -0.00734 -0.00587 -0.00202 0.01564 0.01900 -0.00006 0.99970
1644736512.443976641 -0.00688 -0.00588 -0.00214 0.01558 0.01903 -0.00002 0.99970
1644736512.453976631 -0.00642 -0.00593 -0.00228 0.01554 0.01905 0.00003 0.99970
1644736512.463976622 -0.00598 -0.00603 -0.00243 0.01551 0.01906 0.00008 0.99970
1644736512.473976374 -0.00558 -0.00618 -0.00258 0.01548 0.01907 0.00012 0.99970
1644736512.483976603 -0.00524 -0.00638 -0.00271 0.01547 0.01908 0.00016 0.99970
1644736512.493976593 -0.00497 -0.00665 -0.00282 0.01545 0.01908 0.00018 0.99970
1644736512.503976583 -0.00481 -0.00697 -0.00291 0.01544 0.01908 0.00018 0.99970
1644736512.513976336 -0.00473 -0.00735 -0.00297 0.01543 0.01908 0.00017 0.99970
1644736512.523976564 -0.00474 -0.00775 -0.00300 0.01542 0.01908 0.00014 0.99970
1644736512.533976793 -0.00482 -0.00816 -0.00303 0.01542 0.01907 0.00010 0.99970
1644736512.543976545 -0.00496 -0.00856 -0.00304 0.01543 0.01906 0.00004 0.99970
1644736512.553976536 -0.00515 -0.00893 -0.00304 0.01545 0.01905 -0.00002 0.99970
1644736512.563976526 -0.00538 -0.00925 -0.00305 0.01547 0.01903 -0.00009 0.99970
1644736512.573976755 -0.00565 -0.00950 -0.00306 0.01551 0.01902 -0.00016 0.99970
1644736512.583976507 -0.00594 -0.00967 -0.00307 0.01557 0.01901 -0.00024 0.99970
1644736512.593976498 -0.00624 -0.00972 -0.00310 0.01564 0.01900 -0.00032 0.99970
1644736512.603976488 -0.00655 -0.00966 -0.00314 0.01573 0.01899 -0.00039 0.99970
1644736512.613976717 -0.00685 -0.00949 -0.00320 0.01583 0.01898 -0.00046 0.99969
1644736512.623976469 -0.00715 -0.00924 -0.00327 0.01595 0.01897 -0.00053 0.99969
1644736512.633976460 -0.00744 -0.00892 -0.00336 0.01608 0.01896 -0.00058 0.99969
1644736512.643976450 -0.00771 -0.00856 -0.00346 0.01621 0.01895 -0.00063 0.99969
1644736512.653976679 -0.00795 -0.00817 -0.00357 0.01635 0.01893 -0.00066 0.99969
1644736512.663976669 -0.00817 -0.00778 -0.00369 0.01650 0.01892 -0.00067 0.99968
1644736512.673976421 -0.00836 -0.00741 -0.00381 0.01664 0.01890 -0.00067 0.99968
1644736512.683976650 -0.00851 -0.00708 -0.00395 0.01679 0.01888 -0.00064 0.99968
1644736512.693976641 -0.00861 -0.00680 -0.00409 0.01693 0.01886 -0.00059 0.99968
1644736512.703976631 -0.00867 -0.00660 -0.00423 0.01706 0.01883 -0.00052 0.99968
1644736512.713976383 -0.00869 -0.00647 -0.00438 0.01719 0.01880 -0.00043 0.99968
1644736512.723976612 -0.00867 -0.00639 -0.00454 0.01731 0.01877 -0.00032 0.99967
1644736512.733976603 -0.00863 -0.00635 -0.00471 0.01743 0.01874 -0.00021 0.99967
1644736512.743976593 -0.00858 -0.00634 -0.00489 0.01755 0.01872 -0.00010 0.99967
1644736512.753976345 -0.00851 -0.00635 -0.00509 0.01766 0.01871 0.00001 0.99967
1644736512.763976574 -0.00843 -0.00637 -0.00531 0.01778 0.01870 0.00010 0.99967
1644736512.773976564 -0.00837 -0.00638 -0.00554 0.01789 0.01871 0.00017 0.99966
1644736512.783976555 -0.00831 -0.00637 -0.00580 0.01800 0.01873 0.00021 0.99966
1644736512.793976307 -0.00828 -0.00633 -0.00608 0.01812 0.01877 0.00021 0.99966
1644736512.803976536 -0.00826 -0.00625 -0.00639 0.01823 0.01883 0.00018 0.99966
1644736512.813976765 -0.00828 -0.00614 -0.00671 0.01834 0.01891 0.00012 0.99965
1644736512.823976517 -0.00831 -0.00602 -0.00705 0.01845 0.01899 0.00003 0.99965
1644736512.833976507 -0.00837 -0.00589 -0.00738 0.01854 0.01908 -0.00008 0.99965
1644736512.843976498 -0.00844 -0.00577 -0.00769 0.01861 0.01916 -0.00019 0.99964
1644736512.853976727 -0.00853 -0.00568 -0.00799 0.01865 0.01925 -0.00030 0.99964
1644736512.863976479 -0.00863 -0.00563 -0.00825 0.01867 0.01932 -0.00040 0.99964
1644736512.873976469 -0.00874 -0.00564 -0.00848 0.01866 0.01937 -0.00049 0.99964
1644736512.883976460 -0.00885 -0.00570 -0.00865 0.01860 0.01941 -0.00054 0.99964
1644736512.893976688 -0.00897 -0.00585 -0.00877 0.01850 0.01942 -0.00056 0.99964
1644736512.903976440 -0.00910 -0.00609 -0.00881 0.01836 0.01940 -0.00054 0.99964
1644736512.913976431 -0.00922 -0.00641 -0.00881 0.01818 0.01936 -0.00049 0.99965
1644736512.923976660 -0.00933 -0.00678 -0.00876 0.01797 0.01930 -0.00040 0.99965
1644736512.933976650 -0.00944 -0.00719 -0.00869 0.01775 0.01923 -0.00029 0.99966
1644736512.943976641 -0.00952 -0.00763 -0.00861 0.01753 0.01917 -0.00017 0.99966
1644736512.953976393 -0.00959 -0.00806 -0.00854 0.01732 0.01911 -0.00005 0.99967
1644736512.963976622 -0.00963 -0.00849 -0.00848 0.01714 0.01906 0.00007 0.99967
1644736512.973976612 -0.00964 -0.00888 -0.00847 0.01699 0.01903 0.00019 0.99967
1644736512.983976603 -0.00962 -0.00922 -0.00851 0.01689 0.01903 0.00028 0.99968
1644736512.993976355 -0.00956 -0.00950 -0.00861 0.01685 0.01906 0.00035 0.99968
1644736513.003976583 -0.00945 -0.00969 -0.00879 0.01687 0.01913 0.00039 0.99967
1644736513.013976574 -0.00931 -0.00981 -0.00905 0.01696 0.01924 0.00040 0.99967
1644736513.023976564 -0.00913 -0.00985 -0.00936 0.01711 0.01937 0.00039 0.99967
1644736513.033976316 -0.00893 -0.00984 -0.00972 0.01729 0.01952 0.00035 0.99966
1644736513.043976545 -0.00870 -0.00978 -0.01011 0.01750 0.01967 0.00030 0.99965
1644736513.053976774 -0.00846 -0.00968 -0.01052 0.01774 0.01982 0.00024 0.99965
1644736513.063976526 -0.00820 -0.00954 -0.01095 0.01798 0.01995 0.00018 0.99964
1644736513.073976517 -0.00794 -0.00939 -0.01138 0.01822 0.02007 0.00011 0.99963
1644736513.083976507 -0.00768 -0.00922 -0.01179 0.01846 0.02016 0.00004 0.99963
1644736513.093976736 -0.00742 -0.00904 -0.01217 0.01867 0.02021 -0.00002 0.99962
1644736513.103976488 -0.00717 -0.00887 -0.01253 0.01885 0.02022 -0.00006 0.99962
1644736513.113976479 -0.00693 -0.00871 -0.01285 0.01900 0.02018 -0.00010 0.99962
1644736513.123976469 -0.00671 -0.00855 -0.01314 0.01912 0.02011 -0.00013 0.99961
1644736513.133976698 -0.00652 -0.00841 -0.01340 0.01922 0.02001 -0.00015 0.99962
1644736513.143976450 -0.00635 -0.00829 -0.01365 0.01929 0.01989 -0.00015 0.99962
1644736513.153976440 -0.00622 -0.00818 -0.01387 0.01933 0.01975 -0.00015 0.99962
1644736513.163976669 -0.00613 -0.00809 -0.01409 0.01936 0.01960 -0.00013 0.99962
1644736513.173976660 -0.00607 -0.00803 -0.01429 0.01936 0.01945 -0.00010 0.99962
1644736513.183976650 -0.00606 -0.00800 -0.01449 0.01933 0.01930 -0.00007 0.99963
1644736513.193976402 -0.00611 -0.00799 -0.01469 0.01930 0.01915 -0.00002 0.99963
1644736513.203976631 -0.00621 -0.00802 -0.01489 0.01924 0.01902 0.00003 0.99963
1644736513.213976622 -0.00634 -0.00807 -0.01510 0.01917 0.01891 0.00009 0.99964
1644736513.223976612 -0.00651 -0.00814 -0.01529 0.01910 0.01881 0.00015 0.99964
1644736513.233976364 -0.00670 -0.00822 -0.01549 0.01903 0.01873 0.00022 0.99964
1644736513.243976593 -0.00688 -0.00830 -0.01567 0.01897 0.01868 0.00027 0.99965
1644736513.253976583 -0.00706 -0.00839 -0.01585 0.01892 0.01864 0.00032 0.99965
1644736513.263976574 -0.00721 -0.00847 -0.01600 0.01890 0.01863 0.00036 0.99965
1644736513.273976326 -0.00732 -0.00853 -0.01615 0.01890 0.01865 0.00037 0.99965
1644736513.283976555 -0.00739 -0.00857 -0.01627 0.01894 0.01869 0.00037 0.99965
1644736513.293976784 -0.00738 -0.00858 -0.01637 0.01902 0.01876 0.00035 0.99964
1644736513.303976536 -0.00731 -0.00855 -0.01644 0.01914 0.01886 0.00030 0.99964
1644736513.313976526 -0.00717 -0.00850 -0.01649 0.01930 0.01899 0.00023 0.99963
1644736513.323976517 -0.00697 -0.00842 -0.01652 0.01948 0.01913 0.00014 0.99963
1644736513.333976746 -0.00674 -0.00832 -0.01653 0.01967 0.01927 0.00005 0.99962
1644736513.343976498 -0.00648 -0.00821 -0.01653 0.01985 0.01941 -0.00005 0.99961
1644736513.353976488 -0.00621 -0.00809 -0.01652 0.02002 0.01953 -0.00014 0.99961
1644736513.363976479 -0.00593 -0.00796 -0.01651 0.02017 0.01963 -0.00023 0.99960
1644736513.373976707 -0.00567 -0.00784 -0.01648 0.02027 0.01971 -0.00030 0.99960
1644736513.383976460 -0.00543 -0.00772 -0.01646 0.02031 0.01974 -0.00035 0.99960
1644736513.393976450 -0.00523 -0.00762 -0.01644 0.02029 0.01972 -0.00037 0.99960
1644736513.403976440 -0.00507 -0.00753 -0.01642 0.02020 0.01966 -0.00036 0.99960
1644736513.413976669 -0.00496 -0.00746 -0.01641 0.02004 0.01954 -0.00032 0.99961
1644736513.423976660 -0.00489 -0.00740 -0.01640 0.01983 0.01939 -0.00026 0.99962
1644736513.433976412 -0.00486 -0.00736 -0.01639 0.01958 0.01922 -0.00019 0.99962
1644736513.443976641 -0.00485 -0.00732 -0.01638 0.01932 0.01904 -0.00011 0.99963
1644736513.453976631 -0.00487 -0.00730 -0.01638 0.01906 0.01885 -0.00003 0.99964
1644736513.463976622 -0.00491 -0.00728 -0.01638 0.01880 0.01868 0.00005 0.99965
1644736513.473976374 -0.00497 -0.00727 -0.01637 0.01857 0.01853 0.00011 0.99966
1644736513.483976603 -0.00503 -0.00727 -0.01637 0.01839 0.01841 0.00015 0.99966
1644736513.493976593 -0.00510 -0.00726 -0.01636 0.01826 0.01834 0.00017 0.99966
1644736513.503976583 -0.00517 -0.00726 -0.01636 0.01820 0.01832 0.00016 0.99967
1644736513.513976336 -0.00524 -0.00726 -0.01635 0.01820 0.01835 0.00012 0.99967
1644736513.523976564 -0.00530 -0.00726 -0.01633 0.01825 0.01841 0.00006 0.99966
1644736513.533976793 -0.00536 -0.00726 -0.01632 0.01834 0.01851 -0.00000 0.99966
1644736513.543976545 -0.00542 -0.00727 -0.01630 0.01845 0.01861 -0.00008 0.99966
1644736513.553976536 -0.00548 -0.00727 -0.01628 0.01858 0.01873 -0.00015 0.99965
1644736513.563976526 -0.00553 -0.00728 -0.01626 0.01871 0.01884 -0.00022 0.99965
1644736513.573976755 -0.00557 -0.00729 -0.01623 0.01884 0.01894 -0.00027 0.99964
1644736513.583976507 -0.00560 -0.00731 -0.01620 0.01894 0.01901 -0.00030 0.99964
1644736513.593976498 -0.00563 -0.00733 -0.01616 0.01902 0.01906 -0.00031 0.99964
1644736513.603976488 -0.00565 -0.00735 -0.01612 0.01906 0.01906 -0.00028 0.99964
1644736513.613976717 -0.00566 -0.00738 -0.01607 0.01906 0.01903 -0.00023 0.99964
1644736513.623976469 -0.00567 -0.00741 -0.01603 0.01903 0.01897 -0.00015 0.99964
1644736513.633976460 -0.00567 -0.00745 -0.01598 0.01897 0.01889 -0.00006 0.99964
1644736513.643976450 -0.00566 -0.00749 -0.01593 0.01888 0.01880 0.00004 0.99964
1644736513.653976679 -0.00566 -0.00753 -0.01589 0.01877 0.01870 0.00014 0.99965
1644736513.663976669 -0.00565 -0.00757 -0.01585 0.01865 0.01860 0.00024 0.99965
1644736513.673976421 -0.00565 -0.00761 -0.01582 0.01851 0.01852 0.00033 0.99966
1644736513.683976650 -0.00564 -0.00766 -0.01579 0.01836 0.01844 0.00041 0.99966
1644736513.693976641 -0.00565 -0.00771 -0.01577 0.01821 0.01839 0.00047 0.99966
1644736513.703976631 -0.00565 -0.00775 -0.01576 0.01805 0.01837 0.00050 0.99967
1644736513.713976383 -0.00566 -0.00780 -0.01576 0.01790 0.01837 0.00051 0.99967
1644736513.723976612 -0.00567 -0.00785 -0.01577 0.01774 0.01840 0.00050 0.99967
1644736513.733976603 -0.00568 -0.00789 -0.01577 0.01759 0.01844 0.00047 0.99968
1644736513.743976593 -0.00569 -0.00793 -0.01577 0.01745 0.01849 0.00043 0.99968
1644736513.753976345 -0.00569 -0.00797 -0.01577 0.01731 0.01856 0.00038 0.99968
1644736513.763976574 -0.00569 -0.00799 -0.01577 0.01717 0.01863 0.00033 0.99968
1644736513.773976564 -0.00568 -0.00802 -0.01575 0.01705 0.01870 0.00027 0.99968
1644736513.783976555 -0.00566 -0.00803 -0.01572 0.01694 0.01877 0.00021 0.99968
1644736513.793976307 -0.00563 -0.00804 -0.01568 0.01683 0.01883 0.00016 0.99968
1644736513.803976536 -0.00559 -0.00804 -0.01562 0.01675 0.01888 0.00011 0.99968
1644736513.813976765 -0.00553 -0.00802 -0.01555 0.01667 0.01892 0.00007 0.99968
1644736513.823976517 -0.00547 -0.00801 -0.01546 0.01661 0.01896 0.00004 0.99968
1644736513.833976507 -0.00540 -0.00798 -0.01537 0.01655 0.01898 0.00002 0.99968
1644736513.843976498 -0.00532 -0.00795 -0.01527 0.01651 0.01900 -0.00000 0.99968
1644736513.853976727 -0.00524 -0.00792 -0.01517 0.01648 0.01902 -0.00001 0.99968
1644736513.863976479 -0.00516 -0.00789 -0.01508 0.01645 0.01904 -0.00002 0.99968
1644736513.873976469 -0.00508 -0.00785 -0.01498 0.01644 0.01906 -0.00001 0.99968
1644736513.883976460 -0.00501 -0.00782 -0.01489 0.01643 0.01907 -0.00001 0.99968
1644736513.893976688 -0.00493 -0.00779 -0.01482 0.01642 0.01909 0.00001 0.99968
1644736513.903976440 -0.00486 -0.00777 -0.01475 0.01643 0.01912 0.00003 0.99968
1644736513.913976431 -0.00480 -0.00775 -0.01470 0.01644 0.01915 0.00006 0.99968
1644736513.923976660 -0.00476 -0.00773 -0.01466 0.01645 0.01918 0.00009 0.99968
1644736513.933976650 -0.00472 -0.00773 -0.01462 0.01647 0.01922 0.00012 0.99968
1644736513.943976641 -0.00471 -0.00773 -0.01460 0.01650 0.01925 0.00015 0.99968
1644736513.953976393 -0.00471 -0.00775 -0.01459 0.01654 0.01929 0.00017 0.99968
1644736513.963976622 -0.00473 -0.00778 -0.01458 0.01659 0.01933 0.00019 0.99968
1644736513.973976612 -0.00478 -0.00782 -0.01458 0.01664 0.01937 0.00021 0.99967
1644736513.983976603 -0.00486 -0.00788 -0.01458 0.01670 0.01942 0.00021 0.99967
1644736513.993976355 -0.00497 -0.00796 -0.01458 0.01677 0.01946 0.00021 0.99967
1644736514.003976583 -0.00511 -0.00806 -0.01459 0.01685 0.01950 0.00019 0.99967
1644736514.013976574 -0.00527 -0.00817 -0.01460 0.01693 0.01953 0.00016 0.99967
1644736514.023976564 -0.00545 -0.00829 -0.01462 0.01702 0.01957 0.00013 0.99966
1644736514.033976316 -0.00564 -0.00841 -0.01463 0.01710 0.01960 0.00009 0.99966
1644736514.043976545 -0.00582 -0.00853 -0.01465 0.01717 0.01962 0.00005 0.99966
1644736514.053976774 -0.00600 -0.00864 -0.01468 0.01723 0.01963 0.00001 0.99966
1644736514.063976526 -0.00615 -0.00874 -0.01470 0.01728 0.01964 -0.00002 0.99966
1644736514.073976517 -0.00628 -0.00881 -0.01473 0.01730 0.01963 -0.00005 0.99966
1644736514.083976507 -0.00637 -0.00887 -0.01476 0.01730 0.01962 -0.00007 0.99966
1644736514.093976736 -0.00641 -0.00889 -0.01480 0.01727 0.01959 -0.00008 0.99966
1644736514.103976488 -0.00640 -0.00889 -0.01484 0.01721 0.01954 -0.00008 0.99966
1644736514.113976479 -0.00635 -0.00885 -0.01488 0.01713 0.01949 -0.00006 0.99966
1644736514.123976469 -0.00626 -0.00879 -0.01492 0.01702 0.01942 -0.00003 0.99967
1644736514.133976698 -0.00615 -0.00872 -0.01497 0.01690 0.01935 -0.00000 0.99967
1644736514.143976450 -0.00603 -0.00864 -0.01502 0.01678 0.01928 0.00004 0.99967
1644736514.153976440 -0.00590 -0.00855 -0.01507 0.01665 0.01920 0.00008 0.99968
1644736514.163976669 -0.00578 -0.00847 -0.01512 0.01653 0.01913 0.00012 0.99968
1644736514.173976660 -0.00568 -0.00840 -0.01517 0.01642 0.01907 0.00016 0.99968
1644736514.183976650 -0.00561 -0.00834 -0.01523 0.01634 0.01901 0.00020 0.99969
1644736514.193976402 -0.00558 -0.00831 -0.01528 0.01628 0.01896 0.00023 0.99969
1644736514.203976631 -0.00560 -0.00831 -0.01534 0.01625 0.01892 0.00026 0.99969
1644736514.213976622 -0.00565 -0.00833 -0.01539 0.01625 0.01890 0.00027 0.99969
1644736514.223976612 -0.00574 -0.00837 -0.01545 0.01627 0.01888 0.00028 0.99969
1644736514.233976364 -0.00586 -0.00842 -0.01550 0.01632 0.01887 0.00028 0.99969
1644736514.243976593 -0.00599 -0.00849 -0.01555 0.01638 0.01886 0.00028 0.99969
1644736514.253976583 -0.00614 -0.00856 -0.01560 0.01645 0.01884 0.00026 0.99969
1644736514.263976574 -0.00629 -0.00864 -0.01565 0.01652 0.01883 0.00024 0.99969
1644736514.273976326 -0.00643 -0.00871 -0.01569 0.01660 0.01880 0.00021 0.99969
1644736514.283976555 -0.00656 -0.00877 -0.01573 0.01667 0.01877 0.00017 0.99968
1644736514.293976784 -0.00667 -0.00881 -0.01576 0.01674 0.01872 0.00013 0.99968
1644736514.303976536 -0.00675 -0.00885 -0.01580 0.01679 0.01866 0.00008 0.99968
1644736514.313976526 -0.00681 -0.00886 -0.01582 0.01684 0.01859 0.00003 0.99969
1644736514.323976517 -0.00685 -0.00886 -0.01585 0.01687 0.01851 -0.00002 0.99969
1644736514.333976746 -0.00686 -0.00886 -0.01587 0.01689 0.01843 -0.00007 0.99969
1644736514.343976498 -0.00687 -0.00884 -0.01589 0.01690 0.01835 -0.00011 0.99969
1644736514.353976488 -0.00685 -0.00883 -0.01591 0.01690 0.01827 -0.00014 0.99969
1644736514.363976479 -0.00683 -0.00880 -0.01593 0.01689 0.01821 -0.00016 0.99969
1644736514.373976707 -0.00680 -0.00878 -0.01595 0.01687 0.01816 -0.00015 0.99969
1644736514.383976460 -0.00677 -0.00877 -0.01598 0.01685 0.01813 -0.00013 0.99969
1644736514.393976450 -0.00673 -0.00876 -0.01600 0.01681 0.01813 -0.00008 0.99969
1644736514.403976440 -0.00669 -0.00875 -0.01604 0.01677 0.01815 0.00000 0.99969
1644736514.413976669 -0.00666 -0.00876 -0.01607 0.01672 0.01820 0.00011 0.99969
1644736514.423976660 -0.00662 -0.00876 -0.01611 0.01668 0.01827 0.00022 0.99969
1644736514.433976412 -0.00658 -0.00877 -0.01614 0.01665 0.01836 0.00035 0.99969
1644736514.443976641 -0.00654 -0.00878 -0.01618 0.01662 0.01847 0.00047 0.99969
1644736514.453976631 -0.00649 -0.00879 -0.01621 0.01662 0.01859 0.00058 0.99969
1644736514.463976622 -0.00643 -0.00879 -0.01623 0.01663 0.01872 0.00068 0.99969
1644736514.473976374 -0.00636 -0.00878 -0.01624 0.01668 0.01887 0.00076 0.99968
1644736514.483976603 -0.00628 -0.00877 -0.01625 0.01675 0.01902 0.00080 0.99968
1644736514.493976593 -0.00619 -0.00874 -0.01624 0.01686 0.01917 0.00081 0.99967
1644736514.503976583 -0.00609 -0.00869 -0.01623 0.01702 0.01932 0.00077 0.99967
1644736514.513976336 -0.00598 -0.00864 -0.01620 0.01720 0.01947 0.00070 0.99966
1644736514.523976564 -0.00585 -0.00857 -0.01616 0.01740 0.01961 0.00060 0.99966
1644736514.533976793 -0.00573 -0.00850 -0.01613 0.01762 0.01972 0.00048 0.99965
1644736514.543976545 -0.00560 -0.00842 -0.01609 0.01784 0.01982 0.00034 0.99964
1644736514.553976536 -0.00547 -0.00833 -0.01605 0.01804 0.01988 0.00021 0.99964
1644736514.563976526 -0.00535 -0.00824 -0.01603 0.01823 0.01991 0.00008 0.99964
1644736514.573976755 -0.00523 -0.00815 -0.01601 0.01838 0.01990 -0.00004 0.99963
1644736514.583976507 -0.00512 -0.00805 -0.01600 0.01850 0.01984 -0.00013 0.99963
1644736514.593976498 -0.00503 -0.00796 -0.01601 0.01856 0.01973 -0.00019 0.99963
1644736514.603976488 -0.00495 -0.00787 -0.01603 0.01856 0.01956 -0.00022 0.99964
1644736514.613976717 -0.00489 -0.00778 -0.01608 0.01852 0.01934 -0.00021 0.99964
1644736514.623976469 -0.00484 -0.00770 -0.01613 0.01844 0.01910 -0.00018 0.99965
1644736514.633976460 -0.00479 -0.00761 -0.01619 0.01834 0.01884 -0.00013 0.99965
1644736514.643976450 -0.00475 -0.00753 -0.01625 0.01823 0.01859 -0.00006 0.99966
1644736514.653976679 -0.00470 -0.00744 -0.01631 0.01813 0.01835 -0.00000 0.99967
1644736514.663976669 -0.00466 -0.00736 -0.01637 0.01804 0.01814 0.00006 0.99967
1644736514.673976421 -0.00461 -0.00727 -0.01642 0.01800 0.01797 0.00010 0.99968
1644736514.683976650 -0.00456 -0.00718 -0.01645 0.01799 0.01787 0.00013 0.99968
1644736514.693976641 -0.00449 -0.00708 -0.01647 0.01805 0.01785 0.00012 0.99968
1644736514.703976631 -0.00441 -0.00699 -0.01647 0.01818 0.01791 0.00009 0.99967
1644736514.713976383 -0.00432 -0.00689 -0.01645 0.01836 0.01805 0.00002 0.99967
1644736514.723976612 -0.00421 -0.00679 -0.01642 0.01859 0.01825 -0.00006 0.99966
1644736514.733976603 -0.00410 -0.00669 -0.01638 0.01884 0.01848 -0.00016 0.99965
1644736514.743976593 -0.00398 -0.00658 -0.01632 0.01910 0.01874 -0.00027 0.99964
1644736514.753976345 -0.00385 -0.00649 -0.01627 0.01935 0.01900 -0.00037 0.99963
1644736514.763976574 -0.00372 -0.00639 -0.01621 0.01957 0.01924 -0.00046 0.99962
1644736514.773976564 -0.00358 -0.00630 -0.01615 0.01976 0.01946 -0.00053 0.99962
1644736514.783976555 -0.00344 -0.00621 -0.01609 0.01988 0.01962 -0.00057 0.99961
1644736514.793976307 -0.00329 -0.00613 -0.01604 0.01993 0.01972 -0.00059 0.99961
1644736514.803976536 -0.00315 -0.00606 -0.01600 0.01989 0.01973 -0.00056 0.99961
1644736514.813976765 -0.00301 -0.00599 -0.01597 0.01978 0.01968 -0.00050 0.99961
1644736514.823976517 -0.00287 -0.00594 -0.01594 0.01960 0.01957 -0.00042 0.99962
1644736514.833976507 -0.00274 -0.00589 -0.01592 0.01937 0.01941 -0.00031 0.99962
1644736514.843976498 -0.00262 -0.00586 -0.01591 0.01911 0.01923 -0.00020 0.99963
1644736514.853976727 -0.00251 -0.00583 -0.01590 0.01882 0.01903 -0.00009 0.99964
1644736514.863976479 -0.00242 -0.00582 -0.01590 0.01852 0.01883 0.00001 0.99965
1644736514.873976469 -0.00234 -0.00582 -0.01590 0.01823 0.01864 0.00010 0.99966
1644736514.883976460 -0.00228 -0.00583 -0.01590 0.01795 0.01848 0.00017 0.99967
1644736514.893976688 -0.00224 -0.00586 -0.01590 0.01771 0.01837 0.00021 0.99967
1644736514.903976440 -0.00223 -0.00590 -0.01591 0.01751 0.01830 0.00021 0.99968
1644736514.913976431 -0.00223 -0.00595 -0.01591 0.01735 0.01828 0.00018 0.99968
1644736514.923976660 -0.00224 -0.00600 -0.01591 0.01723 0.01830 0.00012 0.99968
1644736514.933976650 -0.00227 -0.00607 -0.01591 0.01714 0.01835 0.00005 0.99968
1644736514.943976641 -0.00229 -0.00613 -0.01590 0.01707 0.01842 -0.00004 0.99968
1644736514.953976393 -0.00231 -0.00618 -0.01589 0.01704 0.01852 -0.00013 0.99968
1644736514.963976622 -0.00232 -0.00623 -0.01587 0.01701 0.01862 -0.00021 0.99968
1644736514.973976612 -0.00232 -0.00627 -0.01585 0.01701 0.01872 -0.00029 0.99968
1644736514.983976603 -0.00230 -0.00629 -0.01581 0.01701 0.01882 -0.00034 0.99968
1644736514.993976355 -0.00225 -0.00629 -0.01577 0.01702 0.01890 -0.00038 0.99968
1644736515.003976583 -0.00218 -0.00627 -0.01572 0.01703 0.01897 -0.00038 0.99967
1644736515.013976574 -0.00208 -0.00623 -0.01566 0.01704 0.01901 -0.00036 0.99967
1644736515.023976564 -0.00196 -0.00618 -0.01560 0.01705 0.01904 -0.00032 0.99967
1644736515.033976316 -0.00184 -0.00612 -0.01554 0.01706 0.01905 -0.00026 0.99967
1644736515.043976545 -0.00171 -0.00606 -0.01548 0.01706 0.01904 -0.00018 0.99967
1644736515.053976774 -0.00159 -0.00599 -0.01543 0.01706 0.01903 -0.00010 0.99967
1644736515.063976526 -0.00148 -0.00593 -0.01538 0.01706 0.01899 -0.00002 0.99967
1644736515.073976517 -0.00140 -0.00587 -0.01535 0.01705 0.01895 0.00006 0.99967
1644736515.083976507 -0.00133 -0.00583 -0.01533 0.01703 0.01890 0.00014 0.99968
1644736515.093976736 -0.00130 -0.00581 -0.01534 0.01701 0.01884 0.00020 0.99968
1644736515.103976488 -0.00131 -0.00580 -0.01536 0.01698 0.01877 0.00024 0.99968
1644736515.113976479 -0.00136 -0.00582 -0.01540 0.01694 0.01870 0.00028 0.99968
1644736515.123976469 -0.00142 -0.00584 -0.01545 0.01689 0.01863 0.00029 0.99968
1644736515.133976698 -0.00151 -0.00588 -0.01552 0.01684 0.01856 0.00030 0.99969
1644736515.143976450 -0.00161 -0.00593 -0.01559 0.01678 0.01850 0.00030 0.99969
1644736515.153976440 -0.00171 -0.00597 -0.01566 0.01673 0.01844 0.00028 0.99969
1644736515.163976669 -0.00181 -0.00602 -0.01573 0.01667 0.01838 0.00026 0.99969
1644736515.173976660 -0.00190 -0.00605 -0.01580 0.01661 0.01834 0.00023 0.99969
1644736515.183976650 -0.00198 -0.00608 -0.01586 0.01655 0.01832 0.00020 0.99970
1644736515.193976402 -0.00202 -0.00610 -0.01591 0.01649 0.01831 0.00016 0.99970
1644736515.203976631 -0.00204 -0.00610 -0.01594 0.01643 0.01832 0.00013 0.99970
1644736515.213976622 -0.00203 -0.00608 -0.01595 0.01638 0.01834 0.00009 0.99970
1644736515.223976612 -0.00199 -0.00605 -0.01596 0.01634 0.01838 0.00005 0.99970
1644736515.233976364 -0.00193 -0.00601 -0.01595 0.01630 0.01843 0.00001 0.99970
1644736515.243976593 -0.00186 -0.00596 -0.01594 0.01627 0.01849 -0.00003 0.99970
1644736515.253976583 -0.00177 -0.00591 -0.01593 0.01625 0.01857 -0.00007 0.99970
1644736515.263976574 -0.00168 -0.00585 -0.01591 0.01624 0.01864 -0.00010 0.99969
1644736515.273976326 -0.00158 -0.00579 -0.01589 0.01625 0.01872 -0.00014 0.99969
1644736515.283976555 -0.00148 -0.00573 -0.01588 0.01627 0.01881 -0.00017 0.99969
1644736515.293976784 -0.00139 -0.00568 -0.01587 0.01630 0.01889 -0.00020 0.99969
1644736515.303976536 -0.00130 -0.00563 -0.01587 0.01636 0.01897 -0.00022 0.99969
1644736515.313976526 -0.00123 -0.00559 -0.01587 0.01642 0.01905 -0.00024 0.99968
1644736515.323976517 -0.00116 -0.00555 -0.01588 0.01649 0.01913 -0.00026 0.99968
1644736515.333976746 -0.00110 -0.00553 -0.01589 0.01657 0.01920 -0.00027 0.99968
1644736515.343976498 -0.00106 -0.00550 -0.01590 0.01665 0.01926 -0.00029 0.99968
1644736515.353976488 -0.00103 -0.00549 -0.01591 0.01673 0.01932 -0.00029 0.99967
1644736515.363976479 -0.00101 -0.00548 -0.01592 0.01680 0.01937 -0.00030 0.99967
1644736515.373976707 -0.00100 -0.00548 -0.01592 0.01686 0.01941 -0.00030 0.99967
1644736515.383976460 -0.00101 -0.00549 -0.01592 0.01690 0.01945 -0.00030 0.99967
1644736515.393976450 -0.00104 -0.00550 -0.01591 0.01692 0.01947 -0.00030 0.99967
1644736515.403976440 -0.00108 -0.00553 -0.01590 0.01693 0.01948 -0.00029 0.99967
1644736515.413976669 -0.00113 -0.00555 -0.01587 0.01691 0.01948 -0.00028 0.99967
1644736515.423976660 -0.00119 -0.00559 -0.01584 0.01687 0.01947 -0.00028 0.99967
1644736515.433976412 -0.00126 -0.00562 -0.01581 0.01683 0.01944 -0.00027 0.99967
1644736515.443976641 -0.00134 -0.00565 -0.01579 0.01677 0.01940 -0.00026 0.99967
1644736515.453976631 -0.00141 -0.00569 -0.01576 0.01670 0.01935 -0.00025 0.99967
1644736515.463976622 -0.00148 -0.00572 -0.01574 0.01664 0.01928 -0.00024 0.99968
1644736515.473976374 -0.00155 -0.00574 -0.01574 0.01657 0.01919 -0.00024 0.99968
1644736515.483976603 -0.00160 -0.00576 -0.01574 0.01650 0.01908 -0.00024 0.99968
1644736515.493976593 -0.00165 -0.00577 -0.01576 0.01644 0.01896 -0.00024 0.99969
1644736515.503976583 -0.00167 -0.00577 -0.01579 0.01639 0.01882 -0.00025 0.99969
1644736515.513976336 -0.00169 -0.00576 -0.01583 0.01634 0.01867 -0.00026 0.99969
1644736515.523976564 -0.00169 -0.00574 -0.01589 0.01631 0.01851 -0.00028 0.99970
1644736515.533976793 -0.00169 -0.00572 -0.01595 0.01628 0.01836 -0.00029 0.99970
1644736515.543976545 -0.00167 -0.00569 -0.01601 0.01627 0.01823 -0.00030 0.99970
1644736515.553976536 -0.00166 -0.00566 -0.01606 0.01627 0.01812 -0.00031 0.99970
1644736515.563976526 -0.00164 -0.00563 -0.01611 0.01628 0.01804 -0.00030 0.99970
1644736515.573976755 -0.00163 -0.00560 -0.01615 0.01629 0.01800 -0.00030 0.99971
1644736515.583976507 -0.00162 -0.00557 -0.01617 0.01632 0.01801 -0.00028 0.99970
1644736515.593976498 -0.00161 -0.00554 -0.01617 0.01637 0.01808 -0.00025 0.99970
1644736515.603976488 -0.00161 -0.00552 -0.01614 0.01642 0.01821 -0.00021 0.99970
1644736515.613976717 -0.00163 -0.00550 -0.01610 0.01648 0.01839 -0.00016 0.99970
1644736515.623976469 -0.00165 -0.00548 -0.01605 0.01655 0.01861 -0.00010 0.99969
1644736515.633976460 -0.00168 -0.00547 -0.01598 0.01663 0.01885 -0.00004 0.99968
1644736515.643976450 -0.00172 -0.00546 -0.01591 0.01671 0.01910 0.00001 0.99968
1644736515.653976679 -0.00177 -0.00546 -0.01583 0.01680 0.01934 0.00006 0.99967
1644736515.663976669 -0.00183 -0.00546 -0.01575 0.01688 0.01957 0.00010 0.99967
1644736515.673976421 -0.00190 -0.00547 -0.01569 0.01697 0.01976 0.00012 0.99966
1644736515.683976650 -0.00199 -0.00548 -0.01563 0.01705 0.01990 0.00012 0.99966
1644736515.693976641 -0.00208 -0.00549 -0.01559 0.01713 0.01998 0.00010 0.99965
1644736515.703976631 -0.00219 -0.00551 -0.01557 0.01720 0.01998 0.00005 0.99965
1644736515.713976383 -0.00231 -0.00553 -0.01556 0.01726 0.01992 -0.00002 0.99965
1644736515.723976612 -0.00244 -0.00556 -0.01557 0.01730 0.01980 -0.00010 0.99965
1644736515.733976603 -0.00257 -0.00559 -0.01558 0.01733 0.01965 -0.00018 0.99966
1644736515.743976593 -0.00272 -0.00561 -0.01560 0.01734 0.01947 -0.00027 0.99966
1644736515.753976345 -0.00287 -0.00564 -0.01563 0.01731 0.01927 -0.00035 0.99966
1644736515.763976574 -0.00303 -0.00566 -0.01565 0.01726 0.01907 -0.00041 0.99967
1644736515.773976564 -0.00319 -0.00569 -0.01567 0.01717 0.01887 -0.00046 0.99967
1644736515.783976555 -0.00335 -0.00571 -0.01568 0.01705 0.01870 -0.00047 0.99968
1644736515.793976307 -0.00352 -0.00572 -0.01568 0.01688 0.01857 -0.00045 0.99969
1644736515.803976536 -0.00369 -0.00574 -0.01567 0.01667 0.01847 -0.00039 0.99969
1644736515.813976765 -0.00385 -0.00574 -0.01564 0.01642 0.01842 -0.00030 0.99970
1644736515.823976517 -0.00402 -0.00574 -0.01560 0.01617 0.01840 -0.00019 0.99970
1644736515.833976507 -0.00419 -0.00574 -0.01554 0.01591 0.01841 -0.00007 0.99970
1644736515.843976498 -0.00435 -0.00572 -0.01547 0.01568 0.01844 0.00005 0.99971
1644736515.853976727 -0.00450 -0.00570 -0.01539 0.01549 0.01849 0.00015 0.99971
1644736515.863976479 -0.00465 -0.00567 -0.01530 0.01535 0.01855 0.00022 0.99971
1644736515.873976469 -0.00479 -0.00563 -0.01520 0.01527 0.01861 0.00026 0.99971
1644736515.883976460 -0.00492 -0.00558 -0.01508 0.01529 0.01866 0.00026 0.99971
